44.788 121.89 99.735 117.85 164.87 125.53 97.547 82.112 118.97 155.47 161.62 172.37 82.491 124.62 116.11 128.78 132.37 72.472 110.23 79.419
747.61 762.38 688.41 622.85 765.72 736.58 834.06 604.77 928.45 621.32 999.92 814.49 527.62 564.01 749.13 766.24 574.64 516.98 742.58 736.33
376.27 382.28 359.12 364.28 443.11 375.14 413.22 322.77 500.55 299.35 519.69 469.45 278.71 382.4 390.81 409.04 344.46 296.81 368.3 403.93
434.4 474.88 487.35 427.43 560.49 444.88 557.82 394.28 603.7 437.58 670.76 575.81 400.93 463.47 482.67 575.86 392.93 309.87 502.03 446.73
122.75 129.93 98.337 85.632 116.86 140.66 143.72 74.171 150.09 105.65 181.78 122.81 78.767 78.833 155.75 100.38 95.194 121.99 105.23 140.01
202.44 118.52 206.24 103.83 217.34 153.77 216.2 150.76 234.81 127.79 236.22 166.77 120.58 197.29 187.43 213.31 125.57 167.15 124.57 213.34
200.89 189.35 217.12 187.45 255.51 202.08 243.91 183.76 276.41 202.81 267.15 236.06 144.3 229.73 197.8 239.23 218.46 120.53 238.97 216.48
650.5 663.83 649.15 579.66 736.11 636.4 738.15 530.97 809.82 546.35 886.05 758.25 476.57 566.04 689.19 694.8 532.7 474.05 639.9 643.62
234.73 262.5 245.34 245.66 312.83 241.05 225.81 233.23 308.71 205.57 329.36 330.66 168.45 222.05 242.04 269.32 211.59 188.96 230.98 220.34
-201.17 -238.29 -216.92 -242.13 -275.08 -238.88 -237.4 -179.28 -263.04 -211.34 -288.61 -279.02 -152.19 -224.67 -241.53 -221.58 -236.13 -134.35 -226.59 -207.63
52.262 105.68 91.155 145.62 126.08 93.812 94.355 80.682 89.553 84.826 117.18 168.97 83.064 125.96 78.626 123.04 94.85 44.505 52.321 80.33
431.09 456.52 402.09 380.55 496.63 456.55 453.67 354.87 544.3 349.91 630.31 519.76 323.68 361.23 488.56 455.5 325.23 386.14 355.19 436.02
315.95 331.72 315.14 285.57 378.04 364.5 363.33 274.62 404.27 339.5 442.71 337.08 232.98 282.63 349.54 348.95 302.57 182.3 341.93 298.67
-60.467 -41.874 -98.049 -52.606 -142.31 -103.34 -95.795 -82.986 -111.96 -111.57 -129.21 -109.42 -55.759 -145.12 -82.482 -137.39 -86.186 -98.419 -8.5332 -122.18
-230.99 -267.42 -250.62 -217.24 -304.16 -277.38 -270.69 -226.76 -309.25 -258.41 -367.97 -317.45 -188.77 -205.79 -259.2 -303.33 -190.26 -198.05 -206.06 -243.55
440.88 430.93 400.41 389.97 451.21 441.72 471.48 350.1 515.27 345.15 553.01 452.02 295.94 351.42 442.52 428.77 347.51 272.12 388.59 417.96
131.72 120.37 127.21 98.541 146.48 176.87 135.35 124.38 135.37 143.55 165.97 135.89 56.538 87.105 126.69 141.49 90.291 106.89 27.48 150.53
480.88 494.14 432.5 420.59 503.11 498.03 541.28 378.04 604.42 401.61 651.83 533 335.44 396.03 507.1 477.38 405.79 352.47 466.54 500.6
149.82 236.13 183.78 189.64 237.56 227.48 212.69 169.38 233.15 230.99 308.04 275.22 170.12 150.39 205.97 247.5 150.34 140.75 176.27 168.6
341.51 359.09 332.58 303.53 395.26 337.87 348.23 298.36 427.73 287.65 455.82 414.14 222.37 272.49 347.24 349 284.72 262.57 338.27 327.77
